0 0.1640625 0.103125 0.3109375 0.08984375
0 0.5015625 0.1 0.30703125 0.09609375
0 0.8359375 0.10859375 0.309375 0.103125
0 0.1609375 0.303125 0.30703125 0.09140625
0 0.4984375 0.2953125 0.3140625 0.09609375
0 0.8390625 0.296875 0.30703125 0.08984375
0 0.16171875 0.50546875 0.31171875 0.09140625
0 0.5 0.49140625 0.30234375 0.09609375
0 0.8390625 0.5015625 0.31328125 0.09921875
0 0.1609375 0.7015625 0.315625 0.1
0 0.5015625 0.6953125 0.309375 0.09765625
0 0.8375 0.69375 0.30859375 0.08828125
0 0.1625 0.89375 0.3203125 0.09609375
0 0.5015625 0.8921875 0.309375 0.09609375
0 0.8359375 0.89453125 0.3109375 0.09453125